x 	 ,y,zx,nx,zy,ny,f,no,result,zr,ng
10 10 0 0 0 0 0 0 100101 x x 
10 10 0 0 0 0 0 1 100101 x x 
10 10 0 0 0 0 1 0 100101 x x 
10 10 0 0 0 0 1 1 100101 x x 
10 10 0 0 0 1 0 0 100101 x x 
10 10 0 0 0 1 0 1 100101 x x 
10 10 0 0 0 1 1 0 100101 x x 
10 10 0 0 0 1 1 1 100101 x x 
10 10 0 0 1 0 0 0 100101 x x 
10 10 0 0 1 0 0 1 100101 x x 
10 10 0 0 1 0 1 0 100101 x x 
10 10 0 0 1 0 1 1 100101 x x 
10 10 0 0 1 1 0 0 100101 x x 
10 10 0 0 1 1 0 1 100101 x x 
10 10 0 0 1 1 1 0 100101 x x 
10 10 0 0 1 1 1 1 100101 x x 
10 10 0 1 0 0 0 0 100101 x x 
10 10 0 1 0 0 0 1 100101 x x 
10 10 0 1 0 0 1 0 100101 x x 
10 10 0 1 0 0 1 1 100101 x x 
10 10 0 1 0 1 0 0 100101 x x 
10 10 0 1 0 1 0 1 100101 x x 
10 10 0 1 0 1 1 0 100101 x x 
10 10 0 1 0 1 1 1 100101 x x 
10 10 0 1 1 0 0 0 100101 x x 
10 10 0 1 1 0 0 1 100101 x x 
10 10 0 1 1 0 1 0 100101 x x 
10 10 0 1 1 0 1 1 100101 x x 
10 10 0 1 1 1 0 0 100101 x x 
10 10 0 1 1 1 0 1 100101 x x 
10 10 0 1 1 1 1 0 100101 x x 
10 10 0 1 1 1 1 1 100101 x x 
10 10 1 0 0 0 0 0 0 x x 
10 10 1 0 0 0 0 1 0 x x 
10 10 1 0 0 0 1 0 0 x x 
10 10 1 0 0 0 1 1 0 x x 
10 10 1 0 0 1 0 0 0 x x 
10 10 1 0 0 1 0 1 0 x x 
10 10 1 0 0 1 1 0 0 x x 
10 10 1 0 0 1 1 1 0 x x 
10 10 1 0 1 0 0 0 0 x x 
10 10 1 0 1 0 0 1 0 x x 
10 10 1 0 1 0 1 0 0 x x 
10 10 1 0 1 0 1 1 0 x x 
10 10 1 0 1 1 0 0 0 x x 
10 10 1 0 1 1 0 1 0 x x 
10 10 1 0 1 1 1 0 0 x x 
10 10 1 0 1 1 1 1 0 x x 
10 10 1 1 0 0 0 0 0 x x 
10 10 1 1 0 0 0 1 0 x x 
10 10 1 1 0 0 1 0 0 x x 
10 10 1 1 0 0 1 1 0 x x 
10 10 1 1 0 1 0 0 0 x x 
10 10 1 1 0 1 0 1 0 x x 
10 10 1 1 0 1 1 0 0 x x 
10 10 1 1 0 1 1 1 0 x x 
10 10 1 1 1 0 0 0 0 x x 
10 10 1 1 1 0 0 1 0 x x 
10 10 1 1 1 0 1 0 0 x x 
10 10 1 1 1 0 1 1 0 x x 
10 10 1 1 1 1 0 0 0 x x 
10 10 1 1 1 1 0 1 0 x x 
10 10 1 1 1 1 1 0 0 x x 
10 10 1 1 1 1 1 1 0 x x 
